ALL groups 625 difficult 50
Perfect equivalence chi>1 iff revealable_pairs>0: True
High clipping >=16: 140 easy 99 difficult 41
 difficult  groups   mean_n  mean_variable_coords  mean_variable_rows  mean_revealing_actions  mean_revealable_pairs  median_revealing_actions
         0      99 2.808081              5.757576            1.676768                0.000000               0.000000                       0.0
         1      41 6.829268             12.975610            3.609756                5.219512               8.487805                       4.0

High-clipping easy with largest n/variability:
 future_id  chi  difficult  n  anchor_neg  variable_coords  variable_rows  max_row_patterns  excess_row_patterns  observed_actions  revealing_actions  conflict_actions  pairs  revealable_pairs  coobs_pair_actions  reveal_pair_actions row_patterns
      2140    1          0 16          16               16              4                 2                    4                32                  0                 0    120                 0                1000                    0    1 2 2 2 2
         9    1          0 14          19               19              5                 4                    9                 8                  0                 0     91                 0                 188                    0    4 3 3 2 2
        73    1          0 10          19               19              5                 3                    8                 4                  0                 0     45                 0                  92                    0    3 3 2 3 2
       395    1          0  9          16               16              4                 3                    7                 2                  0                 0     36                 0                  72                    0    3 1 3 3 2
        23    1          0  7          16               16              4                 3                    6                 2                  0                 0     21                 0                  42                    0    3 2 3 1 2
       118    1          0  7          16               13              4                 3                    6                 2                  0                 0     21                 0                  42                    0    3 3 1 2 2
         6    1          0  6          19               15              4                 2                    4                 2                  0                 0     15                 0                  30                    0    1 2 2 2 2
       766    1          0  6          16               14              4                 2                    4                 4                  0                 0     15                 0                  32                    0    1 2 2 2 2
      1372    1          0  5          18               18              5                 3                    7                 2                  0                 0     10                 0                  20                    0    2 2 3 3 2
       696    1          0  5          16               16              5                 2                    5                10                  0                 0     10                 0                  28                    0    2 2 2 2 2
       759    1          0  5          18               16              4                 2                    4                 2                  0                 0     10                 0                  20                    0    1 2 2 2 2
      1725    1          0  5          16               16              4                 2                    4                 4                  0                 0     10                 0                  22                    0    1 2 2 2 2
      2502    1          0  5          16               16              4                 2                    4                 2                  0                 0     10                 0                  20                    0    1 2 2 2 2
       500    1          0  5          16               11              4                 3                    5                 2                  0                 0     10                 0                  20                    0    2 1 3 2 2
       876    1          0  5          17               10              3                 2                    3                 4                  0                 0     10                 0                  22                    0    2 2 1 1 2

High-clipping difficult:
 future_id  chi  difficult  n  anchor_neg  variable_coords  variable_rows  max_row_patterns  excess_row_patterns  observed_actions  revealing_actions  conflict_actions  pairs  revealable_pairs  coobs_pair_actions  reveal_pair_actions row_patterns
         0    7          1 44          20               20              5                 4                   10                32                 30                30    946               224                2948                  658    4 3 3 3 2
       374    4          1 12          16               13              4                 4                    7                12                  6                 6     66                10                 196                   20    4 1 2 3 2
       578    4          1  6          16               16              5                 2                    5                 8                  2                 2     15                 6                  54                   12    2 2 2 2 2
      1054    3          1 12          16               16              4                 3                    5                32                 28                28     66                13                 438                   88    1 3 2 2 2
      1329    3          1 12          18               15              5                 3                    6                14                  8                 8     66                14                 190                   28    2 3 2 2 2
         1    3          1 11          16               16              4                 4                    9                18                 12                12     55                 8                 144                   18    4 3 3 3 1
       199    3          1  9          19               19              5                 2                    5                 6                  4                 4     36                 4                  80                    8    2 2 2 2 2
      2208    3          1  6          16               16              4                 3                    6                 6                  2                 2     15                 3                  38                    6    1 3 3 2 2
      1374    3          1  5          17               14              4                 3                    5                 8                  4                 4     10                 4                  40                   12    2 1 3 2 2
       819    3          1  4          18               10              3                 2                    3                16                  8                 8      6                 5                  40                   16    2 1 2 1 2
      1318    2          1 14          19               19              5                 3                    8                 6                  4                 4     91                 4                 194                    8    2 3 3 3 2
       249    2          1 12          19               18              5                 3                    8                10                  2                 2     66                 1                 140                    2    3 2 3 3 2
       122    2          1  9          16               16              4                 4                    8                 6                  4                 4     36                 1                  76                    4    4 3 1 3 2
       304    2          1  9          16               16              4                 3                    7                10                  4                 4     36                 4                  90                    8    3 1 3 3 2
         2    2          1  8          16               16              4                 3                    7                 6                  4                 4     28                 1                  60                    4    3 3 2 3 1
        21    2          1  7          16               12              3                 4                    6                12                  4                 4     21                 3                  70                    6    4 3 2 1 1
        86    2          1  6          16               13              4                 3                    6                12                  8                 8     15                 4                  40                    8    3 2 1 3 2
       295    2          1  6          19               12              3                 2                    3                10                  2                 2     15                 1                  42                    2    2 1 1 2 2
      1320    2          1  6          18               15              5                 3                    6                 4                  2                 2     15                 1                  32                    2    2 2 3 2 2
      1632    2          1  6          16               16              4                 3                    5                30                 16                16     15                 4                  82                   16    1 2 2 3 2
        12    2          1  5          16               13              4                 2                    4                12                  8                 8     10                 3                  30                    8    2 2 2 1 2
       553    2          1  5          18               10              3                 2                    3                 4                  2                 2     10                 2                  26                    4    2 1 2 1 2
       807    2          1  5          19               11              3                 2                    3                10                  6                 6     10                 3                  28                    6    2 1 1 2 2
        11    2          1  4          19               12              3                 2                    3                10                  2                 2      6                 1                  20                    2    2 2 2 1 1
        34    2          1  4          16               16              4                 2                    4                10                  4                 4      6                 2                  24                    6    2 2 2 1 2
       110    2          1  4          16                9              3                 2                    3                 6                  2                 2      6                 1                  16                    2    1 2 1 2 2
       253    2          1  4          18               10              3                 3                    4                 4                  2                 2      6                 1                  14                    2    3 1 1 2 2
       450    2          1  4          16               16              4                 2                    4                10                  4                 4      6                 2                  24                    6    2 1 2 2 2
       555    2          1  4          17               17              5                 2                    5                 4                  2                 2      6                 1                  14                    2    2 2 2 2 2
       576    2          1  4          17               17              5                 2                    5                 4                  2                 2      6                 1                  14                    2    2 2 2 2 2
       581    2          1  4          16               13              4                 2                    4                 4                  2                 2      6                 2                  18                    4    2 2 2 1 2
       620    2          1  4          16               13              4                 2                    4                 4                  2                 2      6                 2                  18                    4    2 1 2 2 2
       810    2          1  4          18               14              4                 2                    4                 6                  4                 4      6                 3                  20                    6    2 1 2 2 2
       206    2          1  3          18               11              3                 2                    3                 4                  2                 2      3                 2                  12                    4    2 2 2 1 1
       768    2          1  3          16                7              2                 2                    2                 4                  2                 2      3                 1                   8                    2    1 2 2 1 1
       778    2          1  3          16                7              2                 2                    2                 4                  2                 2      3                 1                   8                    2    1 1 1 2 2
       907    2          1  3          17                7              2                 2                    2                 8                  4                 4      3                 1                  12                    4    2 1 1 1 2
      1804    2          1  3          17                6              2                 2                    2                 4                  2                 2      3                 1                   8                    2    1 1 2 2 1
       830    2          1  2          18                7              2                 2                    2                 8                  2                 2      1                 1                   8                    2    2 1 1 1 2
      1810    2          1  2          18                4              1                 2                    1                 4                  2                 2      1                 1                   4                    2    1 1 1 1 2
      1887    2          1  2          17                4              1                 2                    1                 4                  2                 2      1                 1                   4                    2    1 1 1 1 2
